0	0	0	0	0	0	566
-4.42174053192	127.5	126.698113208	30.0693820672	-152.524637171	0.0	665
-4.42551374435	128.628318584	125.094339623	30.0693820672	-152.524637171	0.0	765
-4.44311094284	127.5	126.698113208	30.0693820672	-152.524637171	0.0	865
-4.42465400696	127.5	125.094339623	30.0693820672	-152.524637171	0.0	966
-4.42953968048	127.5	126.698113208	30.0693820672	-152.524637171	0.0	65
-4.42294597626	127.274336283	124.773584906	30.0693820672	-152.524637171	0.0	165
-4.40951538086	128.628318584	125.094339623	30.0693820672	-152.524637171	0.0	265
-4.39464092255	127.5	125.094339623	30.0693820672	-152.524637171	0.0	365
-4.41013479233	128.628318584	125.094339623	30.0693820672	-152.524637171	0.0	465
-4.41104078293	127.725663717	125.41509434	30.0693820672	-152.524637171	0.0	565
-4.42568922043	128.628318584	126.698113208	30.0693820672	-152.524637171	0.0	665
-4.41789579391	127.5	126.698113208	30.0693820672	-152.524637171	0.0	765
-4.41534137726	127.5	125.094339623	30.0693820672	-152.524637171	0.0	865
-4.41724252701	127.5	126.377358491	30.0693820672	-152.524637171	0.0	965
-4.41518735886	127.5	126.698113208	30.0693820672	-152.524637171	0.0	65
-4.4025387764	127.5	125.094339623	30.0693820672	-152.524637171	0.0	165
-4.42541694641	127.5	125.094339623	30.0693820672	-152.524637171	0.0	265
-4.41635370255	128.402654867	126.698113208	30.0693820672	-152.524637171	0.0	365
-4.4184627533	127.5	125.094339623	30.0693820672	-152.524637171	0.0	465
-4.41026592255	127.5	125.094339623	30.0693820672	-152.524637171	0.0	565
-4.40028715134	127.5	126.698113208	30.0693820672	-152.524637171	0.0	665
-4.37993144989	127.274336283	126.698113208	30.0693820672	-152.524637171	0.0	765
-4.377409935	128.628318584	125.094339623	30.0693820672	-152.524637171	0.0	865
-4.38257741928	127.5	125.094339623	30.0693820672	-152.524637171	0.0	965
-4.40272855759	128.628318584	125.094339623	30.0693820672	-152.524637171	0.0	65
-4.42569446564	128.628318584	124.773584906	30.0693820672	-152.524637171	0.0	165
-4.4319396019	127.5	125.094339623	30.0693820672	-152.524637171	0.0	265
-4.45100927353	128.628318584	126.698113208	30.0693820672	-152.524637171	0.0	365
-4.45015239716	128.628318584	125.094339623	30.0693820672	-152.524637171	0.0	465
-4.45649242401	127.5	126.698113208	30.0693820672	-152.524637171	0.0	566
-4.44235563278	127.5	126.698113208	30.0693820672	-152.524637171	0.0	665
-4.41110181808	127.5	126.698113208	30.0693820672	-152.524637171	0.0	765
-4.41719341278	127.5	125.094339623	30.0693820672	-152.524637171	0.0	865
-4.41223716736	128.402654867	125.094339623	30.0693820672	-152.524637171	0.0	965
-4.39282369614	127.5	125.094339623	30.0693820672	-152.524637171	0.0	65
-4.39310455322	127.5	126.698113208	30.0693820672	-152.524637171	0.0	165
-4.40313625336	127.5	125.094339623	30.0693820672	-152.524637171	0.0	265
-4.39934968948	127.5	126.698113208	30.0693820672	-152.524637171	0.0	366
-4.40422439575	128.628318584	125.094339623	30.0693820672	-152.524637171	0.0	465
-4.40285396576	128.628318584	126.698113208	30.0693820672	-152.524637171	0.0	565
-4.41825437546	128.628318584	126.698113208	30.0693820672	-152.524637171	0.0	665
-4.42093896866	128.628318584	126.698113208	30.0693820672	-152.524637171	0.0	765
-4.4120516777	128.628318584	126.698113208	30.0693820672	-152.524637171	0.0	865
-4.40945959091	128.628318584	126.698113208	30.0693820672	-152.524637171	0.0	965
-4.41197967529	72.0	150.0	30.0693820672	-152.524637171	0.0	65
-4.47927618027	72.0	150.0	30.0693820672	-152.524637171	0.0	165
-4.36562776566	72.0	100.0	26.3237442184	-151.959613673	0.0	265
-4.14918470383	72.0	100.0	21.4831189906	-143.196743694	0.0	365
-4.04009771347	72.0	150.0	22.7647918145	-144.753067544	0.0	465
-4.16935491562	72.0	150.0	25.8638386348	-151.797445633	0.0	565
-3.34944009781	72.0	100.0	35.1798784137	-157.237453426	0.0	665
-1.61180257797	72.0	100.0	31.9094600614	-159.279469643	0.0	765
-1.19852387905	72.0	150.0	32.3930088591	-154.359974731	0.220079143197	865
-2.76544713974	72.0	100.0	35.1876973504	-150.56620905	0.220079143197	965
-3.76647543907	72.0	100.0	44.0909856087	-159.587031165	0.251460227196	65
-5.16471099854	72.0	150.0	48.0348979402	-164.032426882	0.251460227196	165
-6.68641662598	72.0	100.0	59.5748410431	-161.268629907	0.305888402418	265
-8.25754642487	72.0	100.0	66.3551650786	-168.003708971	0.305888402418	365
-10.7084846497	72.0	150.0	68.4501850401	-171.426639579	0.385421444794	465
-14.0590724945	72.0	150.0	68.9940317957	-172.315198992	0.385421444794	565
-16.4006671906	72.0	150.0	69.1352091109	-172.545860352	0.367313015995	665
-16.6792907715	72.0	100.0	69.1718573655	-172.605737792	0.367313015995	765
-14.4224863052	72.0	100.0	69.1813708951	-172.621281391	0.380585671194	865
-12.463965416	72.0	100.0	69.1838405146	-172.625316358	0.380585671194	965
-12.3721065521	72.0	150.0	69.1844816037	-172.626363796	0.424313411194	65
-14.0021533966	72.0	150.0	69.1846480242	-172.626635701	0.424313411194	165
-15.6001024246	72.0	150.0	69.1846912254	-172.626706285	0.410423423224	265
-15.8809928894	72.0	100.0	69.1847024399	-172.626724608	0.410423423224	365
-14.5382385254	72.0	100.0	69.1847053511	-172.626729364	0.414744752794	465
-12.7140331268	72.0	150.0	69.1847061069	-172.626730599	0.414744752794	565
-12.8312921524	72.0	100.0	69.184706303	-172.626730919	0.461867823193	665
-12.9271469116	72.0	150.0	69.184706354	-172.626731003	0.461867823193	765
-13.2179107666	72.0	150.0	69.1847063695	-172.626731028	0.421123858394	865
-12.533495903	72.0	100.0	69.1847063712	-172.626731031	0.421123858394	965
-11.3045825958	72.0	100.0	69.1847063717	-172.626731032	0.406925203994	65
-10.4496307373	72.0	150.0	67.6646111616	-170.367130044	0.406925203994	165
-10.2314271927	72.0	150.0	64.2009370367	-165.218425263	0.445405615226	265
-9.60024547577	72.0	100.0	62.0487495477	-162.6699039	0.445405615226	365
-8.1112947464	72.0	150.0	57.9946858909	-159.951664324	0.437997621594	465
-7.21523952484	72.0	150.0	58.1975399253	-159.808080766	0.437997621594	565
-4.85859489441	72.0	150.0	59.6706045777	-157.506841748	0.474934700793	665
-1.8306697607	72.0	150.0	48.8359481996	-156.468398694	0.474934700793	765
1.55067574978	72.0	100.0	49.0844276875	-156.908497776	0.437791843994	865
4.52165555954	72.0	100.0	49.6267847943	-157.972278897	0.437791843994	965
6.44512557983	72.0	100.0	46.7673696575	-156.726061022	0.449315389593	65
6.40090560913	72.0	100.0	47.0552351869	-157.336232411	0.449315389593	165
4.29676675797	72.0	150.0	37.4445421182	-156.479172542	0.458472492827	265
0.942505180836	72.0	100.0	18.16187111	-141.643211769	0.458472492827	365
-2.8226082325	72.0	100.0	11.7224273735	-135.374280926	0.436145623194	465
-5.45742988586	72.0	100.0	7.64805358253	-130.675338998	0.436145623194	565
-8.78656673431	72.0	150.0	14.2868333388	-123.47321506	0.429766517594	665
-12.2223825455	72.0	100.0	19.4379180961	-117.982644406	0.429766517594	765
-14.7746248245	72.0	100.0	16.6133974599	-109.760270878	0.443965171994	865
-18.4543819427	72.0	100.0	12.4376670656	-110.812640861	0.443965171994	965
-22.6223068237	72.0	100.0	3.75278073941	-112.797720099	0.378939450394	65
-25.6751499176	72.0	150.0	-10.428767845	-110.897852798	0.378939450394	165
-29.1001586914	72.0	100.0	-16.4126929942	-110.090683942	0.453122275226	265
-32.7910766602	72.0	150.0	-5.74042703907	-113.193897165	0.453122275226	365
-35.4952163696	72.0	150.0	-1.14555946858	-124.77156768	0.409497423994	465
-37.3825798035	72.0	150.0	-1.95899419724	-127.917760392	0.409497423994	565
-38.1805610657	72.0	150.0	4.26667897468	-128.836872082	0.409908979194	665
-37.6065139771	72.0	150.0	5.26654821487	-128.657602667	0.409908979194	765
-35.8363037109	72.0	100.0	10.880249604	-134.17187221	0.409908979194	865
-32.4749183655	72.0	150.0	13.6771675513	-136.597598609	0.501994455193	965
-30.9083385468	72.0	150.0	11.7620855656	-133.844701665	0.437894732794	65
-28.3272781372	72.0	150.0	16.5107461698	-137.814999626	0.437894732794	165
-25.8162631989	72.0	150.0	17.7434521633	-138.845650266	0.415670752024	265
-22.8081970215	72.0	150.0	18.0634506203	-139.113197123	0.415670752024	365
-18.5213260651	72.0	150.0	18.1465190997	-139.182649679	0.444068060794	465
-15.2092037201	72.0	100.0	18.1680828671	-139.200678885	0.444068060794	566
-11.5453119278	72.0	150.0	22.7134244141	-140.971956227	0.444068060794	665
-10.0441417694	72.0	100.0	33.0590935015	-144.998522173	0.400237431994	766
-8.64559459686	72.0	100.0	35.7447283264	-146.043779434	0.457546493593	865
-8.40389060974	72.0	150.0	36.4418929419	-146.315118027	0.457546493593	965
-10.2994327545	72.0	100.0	36.6228700788	-146.385554881	0.457546493593	65
-12.4621686935	72.0	100.0	36.669849979	-146.403839601	0.426268298394	165
-15.8183670044	72.0	100.0	36.682045503	-146.408586136	0.430280961625	265
-17.9412193298	72.0	100.0	36.6852113422	-146.40981829	0.430280961625	365
-22.4174613953	72.0	100.0	36.6860331631	-146.410138146	0.506521562393	466
-28.1650428772	72.0	150.0	36.6861744925	-146.410193152	0.506521562393	565
-31.8161869049	72.0	150.0	36.6862831876	-146.410235456	0.428428963194	665
-33.9916343689	72.0	100.0	36.6863114037	-146.410246438	0.428428963194	765
-34.5675811768	72.0	100.0	63.234246707	-145.515052289	0.447669168793	865
-35.8764152527	72.0	150.0	73.3043928167	-144.990907488	0.447669168793	965
-38.0204925537	72.0	100.0	72.4698193676	-145.593004896	0.416185195994	65
-40.202835083	72.0	100.0	54.611563483	-143.294216226	0.416185195994	165
-41.3958587646	72.0	100.0	52.1923002335	-142.996695626	0.409291646424	266
-46.5674057007	72.0	150.0	51.5642830818	-142.919462179	0.409291646424	366
-48.8648643494	72.0	150.0	48.854069384	-142.303700142	0.409291646424	465
-51.6960716248	72.0	150.0	43.0077546511	-140.941109798	0.480799362393	565
-51.7704772949	72.0	100.0	38.2940260013	-143.783476977	0.480799362393	665
-50.2181854248	72.0	150.0	39.2357225459	-148.436374081	0.437483177594	765
-48.7745552063	72.0	100.0	40.4091768384	-152.043929645	0.401574986394	865
-47.1008262634	72.0	100.0	45.6042022779	-153.508472054	0.401574986394	965
-46.7609558105	72.0	100.0	51.5167942026	-140.042105715	0.447669168793	65
-47.5161705017	72.0	150.0	54.96366842	-139.398169634	0.447669168793	165
-49.9989585876	72.0	100.0	58.292742317	-137.005857762	0.436660067225	265
-53.1694297791	72.0	150.0	54.6157351692	-137.342887202	0.436660067225	365
-55.9813652039	72.0	150.0	49.4035976154	-132.309288975	0.446743169593	465
-57.9587402344	72.0	100.0	40.7349139076	-130.947728191	0.446743169593	565
-58.369594574	72.0	100.0	38.2334226742	-131.29550637	0.452813608793	665
-59.5858535767	72.0	150.0	37.5840599395	-131.385786194	0.452813608793	765
-61.9177436829	72.0	150.0	37.4154917049	-131.409221956	0.402192319194	865
-63.2255516052	72.0	100.0	41.646209953	-129.433604773	0.402192319194	965
-64.0420913696	72.0	150.0	35.7412920892	-124.638861296	0.449006723193	65
-64.1919708252	72.0	100.0	34.2084329848	-123.394192638	0.449006723193	165
-64.1550140381	72.0	150.0	33.8105177066	-120.688236839	0.418140083224	265
-64.676574707	72.0	100.0	36.3987344347	-107.464512421	0.418140083224	365
-64.5761108398	72.0	150.0	31.7210067144	-104.833770437	0.418140083224	466
-64.6436462402	72.0	100.0	29.296091893	-98.689276629	0.432030071194	565
-65.0648117065	72.0	150.0	32.6116347424	-102.647369979	0.432030071194	665
-65.4541931152	72.0	150.0	32.5615235359	-111.416995183	0.441392951994	765
-65.2672729492	72.0	100.0	30.2504906795	-110.238327969	0.456208939193	865
-63.5686721802	72.0	150.0	29.8511600248	-107.779224755	0.456208939193	965
-61.6705932617	72.0	150.0	36.7421541643	-108.919664518	0.456106050393	65
-58.8638267517	72.0	100.0	43.2038849828	-109.725785672	0.456106050393	165
-56.1673355103	72.0	150.0	44.239170326	-113.694057442	0.456106050393	265
-54.26720047	72.0	150.0	42.4919453892	-118.072397221	0.395813213623	365
-50.8060569763	72.0	150.0	42.038382831	-119.208971539	0.447463391193	465
-47.5016708374	72.0	100.0	41.9206424132	-119.50401515	0.447463391193	565
-44.5757064819	72.0	150.0	41.8900781487	-119.580605595	0.457546493593	665
-43.2291488647	72.0	100.0	41.8821439636	-119.600487728	0.457546493593	765
-42.0297241211	72.0	150.0	41.8800843265	-119.605648936	0.406307871194	865
-41.5419883728	72.0	150.0	41.8795496648	-119.606988735	0.406307871194	965
-40.5252227783	72.0	150.0	41.8794108718	-119.607336534	0.443039172794	65
-38.0996513367	72.0	150.0	41.8793748425	-119.607426819	0.443039172794	165
-33.9226608276	72.0	100.0	41.8793654897	-119.607450256	0.438409176826	265
-31.4677505493	72.0	150.0	41.8793630618	-119.60745634	0.438409176826	365
-28.5474281311	72.0	150.0	41.8793624315	-119.60745792	0.438409176826	465
-27.5052223206	72.0	100.0	41.8793622679	-119.60745833	0.422564301594	565
-24.5400772095	72.0	100.0	52.0346561334	-112.338948583	0.454459829593	665
-22.9150772095	72.0	150.0	55.146964367	-110.111357424	0.454459829593	765
-22.3961601257	72.0	100.0	58.1619774265	-107.953403927	0.352702806395	865
-22.039100647	72.0	150.0	58.3232782783	-107.837955095	0.352702806395	965
-22.214176178	72.0	150.0	58.3651504067	-107.807985703	0.327597939195	65
-22.4965343475	72.0	150.0	58.376020003	-107.800205942	0.327597939195	165
-21.6841945648	72.0	150.0	58.3788416442	-107.798186391	0.414024531224	265
-20.0116271973	72.0	150.0	58.3795741148	-107.797662136	0.414024531224	366
-18.7776851654	72.0	150.0	58.379764257	-107.797526044	0.396327657594	465
-18.1151103973	72.0	150.0	58.379813616	-107.797490716	0.396327657594	565
-17.5709724426	72.0	150.0	58.3798264292	-107.797481545	0.333771267195	666
-17.2586784363	72.0	150.0	58.3798297553	-107.797479165	0.333771267195	765
-17.3757019043	72.0	150.0	58.3798306188	-107.797478547	0.184376729597	865
-17.4295978546	72.0	150.0	58.3798308429	-107.797478386	0.184376729597	965
-17.4115657806	72.0	150.0	58.3798309011	-107.797478345	0.0	65
-17.4735336304	72.0	150.0	58.3798309162	-107.797478334	0.0	165
-17.4214305878	72.0	150.0	58.3798309201	-107.797478331	0.0	265
-17.369096756	72.0	150.0	58.3798309211	-107.79747833	0.0	365
-17.3922901154	72.0	150.0	58.3798309214	-107.79747833	0.0	465
-17.4524841309	72.0	150.0	58.3798309215	-107.79747833	0.0	565
-17.3956413269	72.0	150.0	58.3798309215	-107.79747833	0.0	665
-17.3984184265	72.0	150.0	58.3798309215	-107.79747833	0.0	765
-17.3851909637	72.0	150.0	58.3798309215	-107.79747833	0.0	865
-17.3904857635	72.0	150.0	58.3798309215	-107.79747833	0.0	965
-17.3713474274	72.0	150.0	58.3798309215	-107.79747833	0.0	65
-17.3729553223	72.0	150.0	58.3798309215	-107.79747833	0.0	165
-17.365858078	72.0	150.0	58.3798309215	-107.79747833	0.0	265
-17.3580589294	72.0	150.0	58.3798309215	-107.79747833	0.0	365
-17.3558731079	72.0	150.0	58.3798309215	-107.79747833	0.0	465
-17.3682193756	72.0	150.0	58.3798309215	-107.79747833	0.0	565
-17.3671455383	72.0	150.0	58.3798309215	-107.79747833	0.0	665
-17.346572876	72.0	150.0	58.3798309215	-107.79747833	0.0	765
-17.3367271423	72.0	150.0	58.3798309215	-107.79747833	0.0	865
-17.3289737701	72.0	150.0	58.3798309215	-107.79747833	0.0	965
-17.3306655884	72.0	150.0	58.3798309215	-107.79747833	0.0	65
-17.3243484497	72.0	150.0	58.3798309215	-107.79747833	0.0	165
-17.3179931641	72.0	150.0	58.3798309215	-107.79747833	0.0	265
-17.3225955963	72.0	150.0	58.3798309215	-107.79747833	0.0	365
-17.3188800812	72.0	150.0	58.3798309215	-107.79747833	0.0	465
-17.3190135956	72.0	150.0	58.3798309215	-107.79747833	0.0	565
-17.3147029877	72.0	150.0	58.3798309215	-107.79747833	0.0	665
-17.320098877	72.0	150.0	58.3798309215	-107.79747833	0.0	765
-17.3106098175	72.0	150.0	58.3798309215	-107.79747833	0.0	865
-17.3142528534	72.0	150.0	58.3798309215	-107.79747833	0.0	965
-17.3223953247	72.0	150.0	58.3798309215	-107.79747833	0.0	65
-17.3146476746	72.0	150.0	58.3798309215	-107.79747833	0.0	165
-17.2980136871	72.0	150.0	58.3798309215	-107.79747833	0.0	265
-17.3074302673	72.0	150.0	58.3798309215	-107.79747833	0.0	365
-17.3109264374	72.0	150.0	58.3798309215	-107.79747833	0.0	465
-17.3110733032	72.0	150.0	58.3798309215	-107.79747833	0.0	565
-17.3121871948	72.0	150.0	58.3798309215	-107.79747833	0.0	665
