133.305139752330
160.000000000000
115.869364737533
112.679984411232
122.208340286669
150.214044244956
125.915913699055
139.467371139728
127.152143477999
91.7724869997136
132.658760744858
155.332510129290
116.203705130519
139.637730622753
127.162405794349
139.294484164569
127.939591138375
96.5758615043829
122.699542157911
97.8675734984740
116.694860247670
90
134.130635262466
137.320015588768
127.791659713331
99.7859557550442
124.084086300945
110.532628860272
122.847856522001
158.227513000286
117.341239255142
94.6674898707096
133.796294869481
110.362269377247
122.837594205651
110.705515835431
122.060408861625
153.424138495617
127.300457842090
152.132426501526
