190.104112620371
124.313658700784
100.728888361470
101.979926404218
118.853595331294
113.637018756832
132.588926796600
127.110243231981
126.857597028090
102.271591408735
111.405018206058
139.232590374547
123.371513578975
136.882826523618
105.000839027698
130.999721618894
131.998497049136
106.216000086214
109.072602967661
123.179859418305
100.429278216759
108.534620156707
126.299096506531
120.886687963526
137.838386788666
127.904775960681
125.104228022988
104.002373164675
120.224143756749
144.408057800802
124.342462849768
134.999012468648
105.038009166549
133.751127420610
128.390052099963
103.778271747328
112.508640767254
125.395345877604
104.303998018054
118.577227855075
135.282721238434
128.211142087424
142.181149000014
128.092468210774
124.420530204061
107.975868817393
129.699808109320
148.206315506297
124.047300166227
133.174492216755
106.124587735034
136.926801570150
125.725358540356
104.276935815157
118.865658976076
130.003641016982
110.865169034088
129.965727595425
143.517444852753
133.701110830957
144.345703032860
127.016427830781
124.218486378595
113.001452662800
138.228744691075
149.491454675223
122.096717198874
131.285979002765
107.917245001504
140.120205192142
123.779063851838
107.123952424703
126.876466180960
135.369035778674
118.057271841779
140.262845554543
148.789582621142
135.787951857803
143.465201689668
124.276662844498
123.941648099784
117.885442007565
144.430888930794
147.544336718410
118.437739564309
129.310151602043
110.019964417048
142.815998449003
122.084564942757
111.341553391383
134.918877939226
139.656454929462
123.831217861532
147.358825164428
149.539865598435
133.703281717223
139.398506974958
119.966207642941
123.312302595336
121.741918096460
147.466534896445
142.289181715909
113.478417054551
127.422963439527
112.120146814203
144.565207871025
120.156933342170
115.882058070818
141.449857730749
141.344433301738
126.695054872033
190
145.284834740576
127.745101879777
132.865718657944
114.757371579116
122.459580793792
124.182917346680
147.208072949431
134.366084625567
108.086523912988
126.017042799909
114.074438760748
145.127225960132
117.694313411288
119.923099245754
145.383830379592
139.628824929515
126.091941965914
148.081623739102
136.760307997739
119.263918698716
125.339268043633
109.792535623537
121.881878436252
125.337200939793
144.220978847783
125.019021873151
103.443332124389
125.616755234059
115.912146869974
144.531374720447
114.693216626685
123.054245224640
146.315298184077
134.612020241889
122.508200212872
142.629619838676
125.743998493396
110.359009178898
118.702506842516
106.396196195802
122.253252989696
125.701885034223
139.564276523608
115.821650370649
100.778994804674
126.707898356408
117.756497574836
143.042102699399
111.446987504588
125.311553093895
144.537499596182
127.237530286422
117.292062206184
135.482458776412
114.602701838061
103.357297896189
114.758951203356
105.685379060274
124.137833204861
125.884441593358
134.473273985260
108.311298886681
101.056526865036
129.533227123931
119.696655617485
141.047300029234
108.438111650919
127.067130624771
140.870910565927
119.002989928449
112.244485742560
128.766596171420
105.685749762975
100.211377094617
114.725256640606
108.194722951951
127.710966669388
126.327087752041
130.020853459057
103.630064786484
104.693371870592
133.923860915165
121.664478931340
138.916221373409
106.169960447820
128.825062376410
136.369002535085
111.544580812778
